<data>
<uniform id=3>
  0.500000 0.500000
</uniform>


<window_rect>
0, 0, 512, 512
</window_rect>


<uniform id=8>
  0.000000 20.000000 20.000000 0.000000 0.000000 0.000000 0.000000 0.000000 0.000000 0.000000 0.000000 0.000000
</uniform>


<uniform id=4>
  7000.000000 7000.000000
</uniform>
<uniform id=5>
  4500.000000
</uniform>
<uniform id=6>
  5.905249
</uniform>


<uniform id=7>
  0.000000 0.032258 0.064516 0.096774 0.129032 0.161290 0.193548 0.225806 0.258065 0.290323 0.322581 0.354839 0.387097 0.419355 0.451613 0.483871 0.516129 0.548387 0.580645 0.612903 0.645161 0.677419 0.709677 0.741935 0.774194 0.806452 0.838710 0.870968 0.903226 0.935484 0.967742 1.000000
</uniform>


<uniform id=9>
  0.000000 0.000000 0.000000
</uniform>
<uniform id=10>
  0.000000 0.000000 0.000000
</uniform>
<uniform id=11>
  0.000000 0.000000 0.000000
</uniform>


<uniform id=0>
  200.000000
</uniform>
<uniform id=2>
  60.125000 54.187500 7.006914 0.000000 1.000000 1.000000 0.000000 0.000000 0.000000 0.000000 1.000000 0.000000 0.000000 0.000000 0.000000 0.000000 54.116382 39.806033 0.000000 0.000000 1.000000 1.000000 0.000000 0.000000 0.000000 0.000000 1.000000 0.000000 0.000000 0.000000 0.000000 0.000000 76.625000 46.000000 0.000000 0.000000 1.000000 1.000000 0.000000 0.000000 0.000000 0.000000 1.000000 0.000000 0.000000 0.000000 0.000000 0.000000
</uniform>
<uniform id=1>
  0.000000
</uniform>
</data>